image_width: 800
image_height: 600
camera_matrix:
- - 447.2418489993355
  - 0.0
  - 401.6301882220945
- - 0.0
  - 450.2252686557306
  - 294.1058689541657
- - 0.0
  - 0.0
  - 1.0
dist_coeffs:
- - -0.12061699885671492
  - 0.23434302794062092
  - -0.0004275444404337742
  - 0.0015180803871544643
  - -0.23821156994037176
rms_reprojection_error: 1.5265796862485241
per_view_errors_px:
- 0.10237171187133061
- 0.064731050187731
- 0.04578579381830457
- 0.05539159209905877
- 0.09706065819772167
- 0.2534587969793046
- 0.40280139601037285
- 0.1340222279820419
- 0.0790146503423991
- 0.06709761589907842
- 0.0532455060527591
- 0.09003367803268403
- 0.05157230724787331
- 0.07647910421583995
- 0.06203458686779694
- 0.2567637182494134
- 0.5557483538566916
- 0.46761785069993794
- 0.04940154941492883
used_images_count: 19
